_set_action: [ 0.12694289 -0.13047156  0.11173472  0.09386375  0.2550803   0.07183268
  0.36622915  0.4257478 ]
arm_action:  [ 0.00126943 -0.00130472  0.00111735  0.09386375  0.2550803   0.07183268
  0.36622915  0.4257478 ]
gripper_ctrl:  [0.4257478]
gripper_cation_actual:  [ 0.         -0.42574781 -0.42574781 -0.42574781  0.         -0.42574781
 -0.42574781 -0.42574781 -0.42574781 -0.42574781 -0.42574781]
applied_action:  [0.045      0.90203534 0.90203534 0.90203534 0.045      0.90203534
 0.90203534 0.90203534 0.90203534 0.90203534 0.90203534]
reward_ctrl:  0.0
reward_reach:  -1.1958830744857198
reward_grasp:  0.0
one step reward:  -1.1958830744857198
_set_action: [-0.2861684   0.34830713 -0.12443855  0.03963213  0.36636978  0.24182333
 -0.31206205  0.13462418]
arm_action:  [-0.00286168  0.00348307 -0.00124439  0.03963213  0.36636978  0.24182333
 -0.31206205  0.13462418]
gripper_ctrl:  [0.13462418]
gripper_cation_actual:  [ 0.         -0.13462418 -0.13462418 -0.13462418  0.         -0.13462418
 -0.13462418 -0.13462418 -0.13462418 -0.13462418 -0.13462418]
applied_action:  [0.045      1.35933233 1.35933233 1.35933233 0.045      1.35933233
 1.35933233 1.35933233 1.35933233 1.35933233 1.35933233]
reward_ctrl:  0.0
reward_reach:  -1.187313504747307
reward_grasp:  0.0
one step reward:  -1.187313504747307
_set_action: [-0.11161675  0.45770007  0.04063983 -0.4262654  -0.2769918   0.00400993
 -0.4121101   0.45929617]
arm_action:  [-1.1161675e-03  4.5770006e-03  4.0639829e-04 -4.2626539e-01
 -2.7699181e-01  4.0099313e-03 -4.1211009e-01  4.5929617e-01]
gripper_ctrl:  [0.45929617]
gripper_cation_actual:  [ 0.         -0.45929617 -0.45929617 -0.45929617  0.         -0.45929617
 -0.45929617 -0.45929617 -0.45929617 -0.45929617 -0.45929617]
applied_action:  [0.045      0.84933758 0.84933758 0.84933758 0.045      0.84933758
 0.84933758 0.84933758 0.84933758 0.84933758 0.84933758]
reward_ctrl:  0.0
reward_reach:  -1.1792505401033344
reward_grasp:  0.0
one step reward:  -1.1792505401033344
gripper_mocap_pos:  [0. 0. 0.]
object_xpos:  [ 0.13400486 -0.10060492]
ojbect_qpos:  [0.9 1.2 1.5 1.  0.  0.  0. ]
_set_action: [-0.12186735  0.29289043 -0.34907424  0.17689046 -0.34407657 -0.37339365
 -0.13138732 -0.311598  ]
arm_action:  [-0.00121867  0.0029289  -0.00349074  0.17689046 -0.34407657 -0.37339365
 -0.13138732 -0.311598  ]
gripper_ctrl:  [-0.311598]
gripper_cation_actual:  [-0.        0.311598  0.311598  0.311598 -0.        0.311598  0.311598
  0.311598  0.311598  0.311598  0.311598]
applied_action:  [0.045      2.06025814 2.06025814 2.06025814 0.045      2.06025814
 2.06025814 2.06025814 2.06025814 2.06025814 2.06025814]
reward_ctrl:  0.0
reward_reach:  -1.5613789396322741
reward_grasp:  0.0
one step reward:  -1.5613789396322741
_set_action: [-0.29382935  0.3565688  -0.33453557  0.24175355 -0.08316316  0.05731189
  0.12567109 -0.25044638]
arm_action:  [-0.00293829  0.00356569 -0.00334536  0.24175355 -0.08316316  0.05731189
  0.12567109 -0.25044638]
gripper_ctrl:  [-0.25044638]
gripper_cation_actual:  [-0.          0.25044638  0.25044638  0.25044638 -0.          0.25044638
  0.25044638  0.25044638  0.25044638  0.25044638  0.25044638]
applied_action:  [0.045      1.96420117 1.96420117 1.96420117 0.045      1.96420117
 1.96420117 1.96420117 1.96420117 1.96420117 1.96420117]
reward_ctrl:  0.0
reward_reach:  -1.5446513828827653
reward_grasp:  0.0
one step reward:  -1.5446513828827653
_set_action: [ 0.11778239 -0.36779594 -0.10512564 -0.22177674 -0.20530963 -0.26381093
 -0.16705039  0.4000982 ]
arm_action:  [ 0.00117782 -0.00367796 -0.00105126 -0.22177674 -0.20530963 -0.26381093
 -0.16705039  0.4000982 ]
gripper_ctrl:  [0.4000982]
gripper_cation_actual:  [ 0.        -0.4000982 -0.4000982 -0.4000982  0.        -0.4000982
 -0.4000982 -0.4000982 -0.4000982 -0.4000982 -0.4000982]
applied_action:  [0.045      0.94232574 0.94232574 0.94232574 0.045      0.94232574
 0.94232574 0.94232574 0.94232574 0.94232574 0.94232574]
reward_ctrl:  0.0
reward_reach:  -1.5168263623837404
reward_grasp:  0.0
one step reward:  -1.5168263623837404
_set_action: [ 0.2675386  -0.31274703 -0.4245054   0.17014039  0.47435966  0.04787771
  0.38679206 -0.34339103]
arm_action:  [ 0.00267539 -0.00312747 -0.00424505  0.17014039  0.47435966  0.04787771
  0.38679206 -0.34339103]
gripper_ctrl:  [-0.34339103]
gripper_cation_actual:  [-0.          0.34339103  0.34339103  0.34339103 -0.          0.34339103
  0.34339103  0.34339103  0.34339103  0.34339103  0.34339103]
applied_action:  [0.045      2.11019863 2.11019863 2.11019863 0.045      2.11019863
 2.11019863 2.11019863 2.11019863 2.11019863 2.11019863]
reward_ctrl:  0.0
reward_reach:  -1.4695833259524373
reward_grasp:  0.0
one step reward:  -1.4695833259524373
_set_action: [-0.19731537 -0.4601628   0.10206113 -0.1279452  -0.47016805 -0.316826
 -0.46672723  0.44841024]
arm_action:  [-0.00197315 -0.00460163  0.00102061 -0.1279452  -0.47016805 -0.316826
 -0.46672723  0.44841024]
gripper_ctrl:  [0.44841024]
gripper_cation_actual:  [ 0.         -0.44841024 -0.44841024 -0.44841024  0.         -0.44841024
 -0.44841024 -0.44841024 -0.44841024 -0.44841024 -0.44841024]
applied_action:  [0.045      0.86643719 0.86643719 0.86643719 0.045      0.86643719
 0.86643719 0.86643719 0.86643719 0.86643719 0.86643719]
reward_ctrl:  0.0
reward_reach:  -1.4306475489802535
reward_grasp:  0.0
one step reward:  -1.4306475489802535
_set_action: [ 0.49738657  0.12797546 -0.45135847 -0.05322751 -0.11165299  0.45438746
  0.40496138 -0.23112795]
arm_action:  [ 0.00497387  0.00127975 -0.00451358 -0.05322751 -0.11165299  0.45438746
  0.40496138 -0.23112795]
gripper_ctrl:  [-0.23112795]
gripper_cation_actual:  [-0.          0.23112795  0.23112795  0.23112795 -0.          0.23112795
  0.23112795  0.23112795  0.23112795  0.23112795  0.23112795]
applied_action:  [0.045      1.93385578 1.93385578 1.93385578 0.045      1.93385578
 1.93385578 1.93385578 1.93385578 1.93385578 1.93385578]
reward_ctrl:  0.0
reward_reach:  -1.3932682471720872
reward_grasp:  0.0
one step reward:  -1.3932682471720872
_set_action: [ 0.25879493 -0.2691947  -0.43120304  0.2993867  -0.07324425 -0.08808239
 -0.0833978  -0.37654933]
arm_action:  [ 0.00258795 -0.00269195 -0.00431203  0.2993867  -0.07324425 -0.08808239
 -0.0833978  -0.37654933]
gripper_ctrl:  [-0.37654933]
gripper_cation_actual:  [-0.          0.37654933  0.37654933  0.37654933 -0.          0.37654933
  0.37654933  0.37654933  0.37654933  0.37654933  0.37654933]
applied_action:  [0.045      2.16228369 2.16228369 2.16228369 0.045      2.16228369
 2.16228369 2.16228369 2.16228369 2.16228369 2.16228369]
reward_ctrl:  0.0
reward_reach:  -1.3172276039142803
reward_grasp:  0.0
one step reward:  -1.3172276039142803
_set_action: [ 0.0189967   0.15007384  0.18759662 -0.17838362 -0.21391594 -0.2254545
  0.08986667  0.42285553]
arm_action:  [ 1.8996699e-04  1.5007384e-03  1.8759662e-03 -1.7838362e-01
 -2.1391594e-01 -2.2545449e-01  8.9866668e-02  4.2285553e-01]
gripper_ctrl:  [0.42285553]
gripper_cation_actual:  [ 0.         -0.42285553 -0.42285553 -0.42285553  0.         -0.42285553
 -0.42285553 -0.42285553 -0.42285553 -0.42285553 -0.42285553]
applied_action:  [0.045      0.90657854 0.90657854 0.90657854 0.045      0.90657854
 0.90657854 0.90657854 0.90657854 0.90657854 0.90657854]
reward_ctrl:  0.0
reward_reach:  -1.2564121600678217
reward_grasp:  0.0
one step reward:  -1.2564121600678217
_set_action: [ 0.27906764 -0.31515157 -0.08986266 -0.48300615  0.39683658  0.2312567
 -0.18957815  0.01749779]
arm_action:  [ 0.00279068 -0.00315152 -0.00089863 -0.48300615  0.39683658  0.2312567
 -0.18957815  0.01749779]
gripper_ctrl:  [0.01749779]
gripper_cation_actual:  [ 0.         -0.01749779 -0.01749779 -0.01749779  0.         -0.01749779
 -0.01749779 -0.01749779 -0.01749779 -0.01749779 -0.01749779]
applied_action:  [0.045      1.54331448 1.54331448 1.54331448 0.045      1.54331448
 1.54331448 1.54331448 1.54331448 1.54331448 1.54331448]
reward_ctrl:  0.0
reward_reach:  -1.1849549104275598
reward_grasp:  0.0
one step reward:  -1.1849549104275598
_set_action: [ 0.47840008  0.03132882 -0.40884987  0.2694493   0.20328546 -0.45865613
  0.19251981  0.3290598 ]
arm_action:  [ 4.7840006e-03  3.1328824e-04 -4.0884987e-03  2.6944929e-01
  2.0328546e-01 -4.5865613e-01  1.9251981e-01  3.2905981e-01]
gripper_ctrl:  [0.3290598]
gripper_cation_actual:  [ 0.         -0.32905981 -0.32905981 -0.32905981  0.         -0.32905981
 -0.32905981 -0.32905981 -0.32905981 -0.32905981 -0.32905981]
applied_action:  [0.045      1.05391285 1.05391285 1.05391285 0.045      1.05391285
 1.05391285 1.05391285 1.05391285 1.05391285 1.05391285]
reward_ctrl:  0.0
reward_reach:  -1.112721904757993
reward_grasp:  0.0
one step reward:  -1.112721904757993
_set_action: [ 0.05325332 -0.14550768 -0.1550114  -0.45490348  0.20086841 -0.07934105
  0.4525447   0.17807697]
arm_action:  [ 0.00053253 -0.00145508 -0.00155011 -0.45490348  0.20086841 -0.07934105
  0.4525447   0.17807697]
gripper_ctrl:  [0.17807697]
gripper_cation_actual:  [ 0.         -0.17807697 -0.17807697 -0.17807697  0.         -0.17807697
 -0.17807697 -0.17807697 -0.17807697 -0.17807697 -0.17807697]
applied_action:  [0.045     1.2910767 1.2910767 1.2910767 0.045     1.2910767 1.2910767
 1.2910767 1.2910767 1.2910767 1.2910767]
reward_ctrl:  0.0
reward_reach:  -1.0815601772802292
reward_grasp:  0.0
one step reward:  -1.0815601772802292
_set_action: [ 0.07047968  0.2591558  -0.17599933  0.3665612  -0.14785905 -0.4763286
  0.32503262  0.31966004]
arm_action:  [ 0.0007048   0.00259156 -0.00175999  0.3665612  -0.14785905 -0.4763286
  0.32503262  0.31966004]
gripper_ctrl:  [0.31966004]
gripper_cation_actual:  [ 0.         -0.31966004 -0.31966004 -0.31966004  0.         -0.31966004
 -0.31966004 -0.31966004 -0.31966004 -0.31966004 -0.31966004]
applied_action:  [0.045      1.06867801 1.06867801 1.06867801 0.045      1.06867801
 1.06867801 1.06867801 1.06867801 1.06867801 1.06867801]
reward_ctrl:  0.0
reward_reach:  -1.0155396748378582
reward_grasp:  0.0
one step reward:  -1.0155396748378582
_set_action: [-0.34454107  0.04920841 -0.09886066 -0.3903244  -0.21709603 -0.16377696
 -0.16136502  0.41728827]
arm_action:  [-0.00344541  0.00049208 -0.00098861 -0.3903244  -0.21709603 -0.16377696
 -0.16136502  0.41728827]
gripper_ctrl:  [0.41728827]
gripper_cation_actual:  [ 0.         -0.41728827 -0.41728827 -0.41728827  0.         -0.41728827
 -0.41728827 -0.41728827 -0.41728827 -0.41728827 -0.41728827]
applied_action:  [0.045      0.91532358 0.91532358 0.91532358 0.045      0.91532358
 0.91532358 0.91532358 0.91532358 0.91532358 0.91532358]
reward_ctrl:  0.0
reward_reach:  -0.9737873887670073
reward_grasp:  0.0
one step reward:  -0.9737873887670073
_set_action: [ 0.08086815  0.40674812 -0.01370205 -0.11544536 -0.10271958  0.22842629
  0.19525675 -0.48035488]
arm_action:  [ 8.0868154e-04  4.0674810e-03 -1.3702051e-04 -1.1544536e-01
 -1.0271958e-01  2.2842629e-01  1.9525675e-01 -4.8035488e-01]
gripper_ctrl:  [-0.48035488]
gripper_cation_actual:  [-0.          0.48035488  0.48035488  0.48035488 -0.          0.48035488
  0.48035488  0.48035488  0.48035488  0.48035488  0.48035488]
applied_action:  [0.045      2.32534144 2.32534144 2.32534144 0.045      2.32534144
 2.32534144 2.32534144 2.32534144 2.32534144 2.32534144]
reward_ctrl:  0.0
reward_reach:  -1.0181107830323677
reward_grasp:  0.0
one step reward:  -1.0181107830323677
_set_action: [ 0.05529472 -0.44269872  0.49085903  0.25922444  0.30048296  0.20011933
 -0.25637698  0.372405  ]
arm_action:  [ 0.00055295 -0.00442699  0.00490859  0.25922444  0.30048296  0.20011933
 -0.25637698  0.372405  ]
gripper_ctrl:  [0.372405]
gripper_cation_actual:  [ 0.         -0.37240499 -0.37240499 -0.37240499  0.         -0.37240499
 -0.37240499 -0.37240499 -0.37240499 -0.37240499 -0.37240499]
applied_action:  [0.045      0.98582624 0.98582624 0.98582624 0.045      0.98582624
 0.98582624 0.98582624 0.98582624 0.98582624 0.98582624]
reward_ctrl:  0.0
reward_reach:  -1.049118127471551
reward_grasp:  0.0
one step reward:  -1.049118127471551
_set_action: [-0.4397144  -0.04739328  0.4890858   0.22561906  0.10028577 -0.45672408
  0.40592358  0.03938412]
arm_action:  [-0.00439714 -0.00047393  0.00489086  0.22561906  0.10028577 -0.45672408
  0.40592358  0.03938412]
gripper_ctrl:  [0.03938412]
gripper_cation_actual:  [ 0.         -0.03938412 -0.03938412 -0.03938412  0.         -0.03938412
 -0.03938412 -0.03938412 -0.03938412 -0.03938412 -0.03938412]
applied_action:  [0.045      1.50893542 1.50893542 1.50893542 0.045      1.50893542
 1.50893542 1.50893542 1.50893542 1.50893542 1.50893542]
reward_ctrl:  0.0
reward_reach:  -1.044448449051571
reward_grasp:  0.0
one step reward:  -1.044448449051571
_set_action: [ 0.47846964  0.42458898 -0.25241727 -0.47338063  0.28518498 -0.41491872
  0.06042822  0.19539471]
arm_action:  [ 0.0047847   0.00424589 -0.00252417 -0.47338063  0.28518498 -0.41491872
  0.06042822  0.19539471]
gripper_ctrl:  [0.19539471]
gripper_cation_actual:  [ 0.         -0.19539471 -0.19539471 -0.19539471  0.         -0.19539471
 -0.19539471 -0.19539471 -0.19539471 -0.19539471 -0.19539471]
applied_action:  [0.045      1.26387399 1.26387399 1.26387399 0.045      1.26387399
 1.26387399 1.26387399 1.26387399 1.26387399 1.26387399]
reward_ctrl:  0.0
reward_reach:  -1.0270578373186843
reward_grasp:  0.0
one step reward:  -1.0270578373186843
_set_action: [ 0.3521621   0.14597845 -0.35652444  0.33010668 -0.39344627  0.00512519
 -0.31745425 -0.39586583]
arm_action:  [ 0.00352162  0.00145978 -0.00356524  0.33010668 -0.39344627  0.00512519
 -0.31745425 -0.39586583]
gripper_ctrl:  [-0.39586583]
gripper_cation_actual:  [-0.          0.39586583  0.39586583  0.39586583 -0.          0.39586583
  0.39586583  0.39586583  0.39586583  0.39586583  0.39586583]
applied_action:  [0.045      2.19262604 2.19262604 2.19262604 0.045      2.19262604
 2.19262604 2.19262604 2.19262604 2.19262604 2.19262604]
reward_ctrl:  0.0
reward_reach:  -0.9743591539025249
reward_grasp:  0.0
one step reward:  -0.9743591539025249
_set_action: [-0.4867896   0.02680245 -0.40139508  0.11118848  0.00113387  0.3170775
 -0.22397274 -0.29353926]
arm_action:  [-4.8678960e-03  2.6802454e-04 -4.0139509e-03  1.1118848e-01
  1.1338701e-03  3.1707749e-01 -2.2397274e-01 -2.9353926e-01]
gripper_ctrl:  [-0.29353926]
gripper_cation_actual:  [-0.          0.29353926  0.29353926  0.29353926 -0.          0.29353926
  0.29353926  0.29353926  0.29353926  0.29353926  0.29353926]
applied_action:  [0.045      2.03189146 2.03189146 2.03189146 0.045      2.03189146
 2.03189146 2.03189146 2.03189146 2.03189146 2.03189146]
reward_ctrl:  0.0
reward_reach:  -0.9584326439178799
reward_grasp:  0.0
one step reward:  -0.9584326439178799
_set_action: [-0.39632538 -0.40201992  0.14429589  0.4677049  -0.49516496  0.18267442
  0.12102218 -0.27230883]
arm_action:  [-0.00396325 -0.0040202   0.00144296  0.4677049  -0.49516496  0.18267442
  0.12102218 -0.27230883]
gripper_ctrl:  [-0.27230883]
gripper_cation_actual:  [-0.          0.27230883  0.27230883  0.27230883 -0.          0.27230883
  0.27230883  0.27230883  0.27230883  0.27230883  0.27230883]
applied_action:  [0.045     1.9985427 1.9985427 1.9985427 0.045     1.9985427 1.9985427
 1.9985427 1.9985427 1.9985427 1.9985427]
reward_ctrl:  0.0
reward_reach:  -0.9615795592386532
reward_grasp:  0.0
one step reward:  -0.9615795592386532
(dher-env) cong@eclipse:~/workspace/DHER/gym-ur5_gripper$ 